[racket.jpg]
filters=autocolor=1;Invert=1;HeatMap=1,0.000000,0.000000;
moddate=03c5e9ac9200d801
width=540
height=713
textactive=0
